[tensor(0), tensor(6)]
tensor([[0.3562, 0.7828, 0.4113, 0.2301],
        [0.3562, 0.7828, 0.4113, 0.2301],
        [0.3562, 0.7828, 0.4113, 0.2301],
        [0.3562, 0.7828, 0.4113, 0.2301],
        [0.3562, 0.7828, 0.4113, 0.2301],
        [0.7181, 0.1690, 0.1519, 0.1163]])tensor([[0.8344, 0.7031, 0.0771, 0.1438],
        [0.6344, 0.7510, 0.4604, 0.1437],
        [0.3365, 0.8313, 0.1521, 0.1250],
        [0.2719, 0.7937, 0.1937, 0.1667],
        [0.4990, 0.7948, 0.7479, 0.4062],
        [0.0793, 0.4367, 0.0570, 0.0469]])tensor([[0.3562, 0.7828, 0.4113, 0.2301],
        [0.3562, 0.7828, 0.4113, 0.2301],
        [0.3562, 0.7828, 0.4113, 0.2301],
        [0.3562, 0.7828, 0.4113, 0.2301],
        [0.3562, 0.7828, 0.4113, 0.2301],
        [0.7181, 0.1690, 0.1519, 0.1163]])tensor([[0.8344, 0.7031, 0.0771, 0.1438],
        [0.6344, 0.7510, 0.4604, 0.1437],
        [0.3365, 0.8313, 0.1521, 0.1250],
        [0.2719, 0.7937, 0.1937, 0.1667],
        [0.4990, 0.7948, 0.7479, 0.4062],
        [0.0793, 0.4367, 0.0570, 0.0469]])
tensor([0.3562, 0.7828, 0.4113, 0.2301])
tensor([0.8344, 0.7031, 0.0771, 0.1438])

tensor([0.3562, 0.7828, 0.4113, 0.2301])
tensor([0.6344, 0.7510, 0.4604, 0.1437])

tensor([0.3562, 0.7828, 0.4113, 0.2301])
tensor([0.3365, 0.8313, 0.1521, 0.1250])

tensor([0.3562, 0.7828, 0.4113, 0.2301])
tensor([0.2719, 0.7937, 0.1937, 0.1667])

tensor([0.3562, 0.7828, 0.4113, 0.2301])
tensor([0.4990, 0.7948, 0.7479, 0.4062])

tensor([0.7181, 0.1690, 0.1519, 0.1163])
tensor([0.0793, 0.4367, 0.0570, 0.0469])

