batch (tensor([[[ 0.4337,  0.3652,  0.3309,  ..., -1.5014, -1.5014, -1.6898],
         [ 0.3652,  0.3481,  0.2796,  ..., -1.5699, -1.5699, -1.6384],
         [ 0.2967,  0.1768, -0.0116,  ..., -1.6384, -1.6555, -1.5014],
         ...,
         [ 1.0673,  0.8789,  0.3994,  ...,  0.3481, -0.1486, -0.2513],
         [ 1.2557,  0.9988,  0.5364,  ...,  0.3138, -0.4739, -0.9877],
         [ 1.2557,  1.0844,  0.4851,  ...,  0.7248, -0.5938, -1.2445]],

        [[ 0.5378,  0.4853,  0.4678,  ..., -1.1604, -1.1604, -1.3529],
         [ 0.4853,  0.4678,  0.3978,  ..., -1.2304, -1.2304, -1.3004],
         [ 0.4503,  0.2927,  0.0826,  ..., -1.3004, -1.3179, -1.1604],
         ...,
         [ 0.9405,  0.7829,  0.3627,  ...,  0.5553,  0.0476, -0.0399],
         [ 1.0980,  0.8880,  0.4853,  ...,  0.5728, -0.1800, -0.6702],
         [ 1.0980,  0.9580,  0.4153,  ...,  1.0280, -0.2500, -0.8627]],

        [[ 0.5834,  0.5311,  0.5311,  ..., -0.6890, -0.7413, -0.9504],
         [ 0.6356,  0.6008,  0.5311,  ..., -0.7587, -0.7936, -0.8981],
         [ 0.6705,  0.4962,  0.2348,  ..., -0.8284, -0.8981, -0.7587],
         ...,
         [ 0.8622,  0.7402,  0.3742,  ...,  0.7054,  0.3045,  0.2696],
         [ 0.9668,  0.7925,  0.4265,  ...,  0.7576,  0.0953, -0.3055],
         [ 0.8971,  0.8099,  0.3045,  ...,  1.1934,  0.0605, -0.4624]]]), array([[0, 0, 0, ..., 0, 0, 0],
       [0, 0, 0, ..., 0, 0, 0],
       [0, 0, 0, ..., 0, 0, 0],
       ...,
       [0, 0, 0, ..., 0, 0, 0],
       [0, 0, 0, ..., 0, 0, 0],
       [0, 0, 0, ..., 0, 0, 0]], dtype=int32), array([49406,   518,  7048, 44310, 49407,     0,     0,     0,     0,
           0,     0,     0,     0,     0,     0,     0,     0,     0,
           0,     0,     0,     0,     0,     0,     0,     0,     0,
           0,     0,     0,     0,     0,     0,     0,     0,     0,
           0,     0,     0,     0,     0,     0,     0,     0,     0,
           0,     0,     0,     0,     0,     0,     0,     0,     0,
           0,     0,     0,     0,     0,     0,     0,     0,     0,
           0,     0,     0,     0,     0,     0,     0,     0,     0,
           0,     0,     0,     0,     0]), array([1, 1, 1, 1, 1, 0, 0, 0, 0, 0, 0, 0, 0, 0, 0, 0, 0, 0, 0, 0, 0, 0,
       0, 0, 0, 0, 0, 0, 0, 0, 0, 0, 0, 0, 0, 0, 0, 0, 0, 0, 0, 0, 0, 0,
       0, 0, 0, 0, 0, 0, 0, 0, 0, 0, 0, 0, 0, 0, 0, 0, 0, 0, 0, 0, 0, 0,
       0, 0, 0, 0, 0, 0, 0, 0, 0, 0, 0]), array([1.416875, 0.621875, 0.98625 , 0.46625 ], dtype=float32), '20976.jpg', 'the gray overpass', [739, 311, 789, 373])
